((("hiflor" .
   [0 0 1 0 0 0])
  ("hifenar" .
   [0 0 3 0 0 0 0])
  ("setFirstName" .
   [0 0 0 1 0 0 0 0 0 0 0 0])
  ("pro" .
   [2 0 0])
  ("pair" .
   [0 0 0 1])
  ("it" .
   [3 0])
  ("END" .
   [1 0 0])
  ("type" .
   [1 0 0 0])
  ("procura" .
   [0 0 0 1 1 0 0])
  ("rotacoes" .
   [0 0 0 1 1 0 0 0])
  ("calc_pesoR" .
   [2 0 0 0 0 1 0 0 0 0])
  ("printArvore" .
   [0 0 0 0 0 1 1 2 0 0 0])
  ("verifica" .
   [0 0 0 1 0 0 1 0])
  ("rec" .
   [2 0 0])
  ("TIPO" .
   [17 0 2 0])
  ("double" .
   [10 0 0 1 0 0])
  ("mid" .
   [8 0 0])
  ("matrix" .
   [11 0 0 0 11 8])
  ("str" .
   [6 0 0])
  ("sum" .
   [1 0 0])
  ("print" .
   [8 0 0 1 2])
  ("list" .
   [7 0 0 0])
  ("range" .
   [2 0 0 0 0])
  ("in" .
   [3 0])
  ("input" .
   [3 0 0 0 0])
  ("echo" .
   [1 0 0 0])
  ("32768" .
   [2 0 0 0 0])
  ("float" .
   [24 0 2 5 4])
  ("sleep" .
   [0 0 0 2 1])
  ("jobs" .
   [1 0 0 0])
  ("id" .
   [4 0])
  ("idx" .
   [4 0 0])
  ("i" .
   [4])
  ("realloc" .
   [0 0 0 0 1 1 0])
  ("sem_t" .
   [0 0 1 0 2])
  ("sph" .
   [6 0 0])
  ("numThreads" .
   [0 0 0 1 0 0 0 0 0 2])
  ("jobx" .
   [1 0 0 0])
  ("job" .
   [10 0 0])
  ("PIPE_NAME2" .
   [1 0 0 0 0 0 0 0 0 0])
  ("ip2" .
   [5 0 0])
  ("strcpy" .
   [0 0 0 0 0 3])
  ("ip1" .
   [12 0 0])
  ("short" .
   [2 0 0 0 0])
  ("atoi" .
   [2 0 0 0])
  ("argv" .
   [1 0 0 1])
  ("BUF_SIZE" .
   [0 0 1 3 0 0 0 0])
  ("buffer" .
   [19 0 19 2 3 5])
  ("client_fd" .
   [2 0 0 0 2 1 1 0 6])
  ("read" .
   [3 0 0 1])
  ("9000" .
   [2 0 0 0])
  ("sin_addr" .
   [1 0 0 1 0 0 0 1])
  ("addr" .
   [0 0 0 1])
  ("sprintf" .
   [1 0 0 1 0 0 1])
  ("nome2" .
   [5 0 0 0 0])
  ("nome" .
   [7 0 0 0])
  ("scanf" .
   [29 0 0 15 3])
  ("char" .
   [21 0 0 1])
  ("else" .
   [108 0 0 0])
  ("printf" .
   [47 0 8 7 12 60])
  ("name" .
   [1 0 0 0])
  ("strcmp" .
   [0 0 0 0 0 6])
  ("include" .
   [8 0 0 5 4 4 1])
  ("string.h" .
   [0 0 0 0 0 5 0 1])
  ("s" .
   [18])
  ("nread" .
   [1 0 0 0 1])
  ("tmp" .
   [64 0 4])
  ("for" .
   [96 0 1])
  ("sizeof" .
   [2 0 0 0 1 17])
  ("int" .
   [216 0 0])
  ("if" .
   [231 0])
  ("exit" .
   [2 0 0 1])
  ("break" .
   [8 0 0 2 7])
  ("void" .
   [34 0 0 1])
  ("pthread" .
   [0 0 0 0 0 0 3])
  ("thr1" .
   [1 0 0 0])
  ("NULL" .
   [41 0 1 0])
  ("thread1" .
   [0 0 0 0 0 1 0])
  ("thr2" .
   [2 0 0 0])
  ("thread2" .
   [4 0 0 0 1 0 0])
  ("thread3" .
   [2 0 0 0 1 0 0])
  ("thread" .
   [0 0 0 0 0 1])
  ("define" .
   [7 0 0 0 1 4])
  ("DEBUG" .
   [3 0 0 0 0])
  ("menu" .
   [2 0 0 0])
  ("admin" .
   [1 0 0 0 1])
  ("write" .
   [4 0 1 0 0])
  ("LOGIN" .
   [2 0 2 0 0])
  ("strlen" .
   [1 0 0 0 1 6])
  ("send" .
   [1 0 0 0])
  ("PASS" .
   [0 0 1 0])
  ("a" .
   [4])
  ("lPubIP" .
   [1 0 0 0 1 0])
  ("ipPub" .
   [4 0 1 7 0])
  ("ip" .
   [31 0])
  ("client_addr" .
   [0 0 0 0 0 0 0 0 1 0 0])
  ("s_addr" .
   [0 0 0 1 0 0])
  ("is" .
   [1 0])
  ("sIp" .
   [26 0 0])
  ("return" .
   [30 0 3 36 23 33])
  ("10" .
   [20 0])
  ("2" .
   [2])
  ("16" .
   [4 0])
  ("NAT" .
   [2 0 0])
  ("port" .
   [5 0 0 0])
  ("FILE" .
   [2 0 0 0])
  ("fpublicAddr" .
   [0 0 0 1 1 0 0 0 0 0 3])
  ("fopen" .
   [1 0 0 0 0])
  ("TXTPUBLICADDR" .
   [0 0 0 1 0 0 0 0 0 0 0 0 0])
  ("erro" .
   [1 0 0 0])
  ("fgets" .
   [3 0 0 0 0])
  ("while" .
   [19 0 1 1 0])
  ("7" .
   [2])
  ("fclose" .
   [1 0 0 0 1 0])
  ("PublicAddr" .
   [2 0 2 1 0 0 0 3 3 3])
  ("malloc" .
   [6 0 0 0 3 1])
  ("typedef" .
   [1 0 1 0 1 0 1])
  ("struct" .
   [1 0 0 0 1 1])
  ("free" .
   [19 0 0 5])
  ("sscanf" .
   [0 0 0 0 3 0])
  ("Public" .
   [0 0 0 0 0 1])
  ("255" .
   [2 0 0])
  ("1" .
   [2])
  ("string" .
   [1 0 0 0 0 0])
  ("n1" .
   [15 0])
  ("n2" .
   [17 0])
  ("n3" .
   [16 0])
  ("n4" .
   [16 0])
  ("string2ip" .
   [0 0 0 0 0 1 0 0 1])
  ("ipx" .
   [9 0 0])
  ("isValid" .
   [0 0 0 1 0 0 0])
  ("nPaddrs" .
   [4 0 9 4 0 0 0])
  ("dimPool" .
   [0 0 0 2 1 1 1])
  ("isPublic" .
   [0 0 0 2 0 0 0 0])
  ("sigint" .
   [0 0 0 1 0 0])
  ("fprintf" .
   [0 0 0 0 1 0 0])
  ("fstaticNAT" .
   [0 2 7 0 1 0 0 0 0 1])
  ("TXTSTATICNAT" .
   [0 0 0 0 2 0 0 0 0 0 0 0])
  ("NATstaticAddr" .
   [0 0 3 0 0 0 0 0 0 0 0 0 2])
  ("StaticAddr" .
   [3 0 1 6 1 0 0 0 0 0])
  ("ipPriv" .
   [0 0 3 0 1 0])
  ("porto" .
   [2 0 0 1 1])
  ("nSaddrs" .
   [3 0 3 0 0 0 0])
  ("countPort" .
   [2 0 0 7 2 1 0 0 0])
  ("MINPORT" .
   [0 0 0 1 0 0 0])
  ("portoAtr" .
   [0 0 0 1 1 0 0 0])
  ("publico" .
   [1 0 0 0 0 0 0])
  ("//bin/" .
   [0 0 2 0 0 0])
  ("PIPE_NAME" .
   [0 0 0 0 1 0 0 0 0])
  ("TXT0" .
   [2 0 0 0])
  ("MAXTXT" .
   [0 0 1 2 0 1])
  ("fscanf" .
   [0 0 0 0 1 0])
  ("ftxt" .
   [3 0 0 1])
  ("fd" .
   [5 0])
  ("page" .
   [3 0 0 0])
  ("PIPE_NAME0" .
   [0 0 1 0 0 0 0 0 0 0])
  ("TXT2" .
   [1 0 0 0])
  ("continue" .
   [0 0 0 0 3 1 1 0])
  ("ss" .
   [20 0])
  ("100" .
   [12 0 0])
  ("stdlib.h" .
   [0 0 0 0 1 2 0 0])
  ("min" .
   [27 0 1])
  ("closestPair" .
   [0 0 0 0 3 0 0 0 0 0 2])
  ("recursive" .
   [0 0 0 1 1 0 0 0 0])
  ("bruteforce" .
   [0 0 0 0 0 1 0 0 0 0])
  ("minRL" .
   [2 0 0 0 0])
  ("abs" .
   [10 0 0])
  ("long" .
   [1 0 0 0])
  ("mdc" .
   [2 0 0])
  ("mmc" .
   [4 0 0])
  ("sacos" .
   [20 0 2 5 1])
  ("nSacos" .
   [4 0 2 2 2 0])
  ("existemSacos" .
   [0 0 0 0 1 0 0 0 0 0 0 0])
  ("peso" .
   [15 0 0 4])
  ("saco" .
   [2 0 0 0])
  ("aux" .
   [25 0 0])
  ("stdin" .
   [0 0 0 0 1])
  ("testar" .
   [0 0 0 1 0 1])
  ("300" .
   [1 0 0])
  ("lmedic" .
   [0 0 0 0 1 0])
  ("medic" .
   [21 0 0 18 23])
  ("list_medic" .
   [0 0 0 0 0 1 0 0 0 0])
  ("cod" .
   [82 0 7])
  ("anoV" .
   [12 0 4 29])
  ("mesV" .
   [11 0 2 38])
  ("pai" .
   [104 0 8])
  ("quantidade" .
   [3 0 2 6 3 0 0 0 0 0])
  ("Rfilho" .
   [13 0 9 19 3 0])
  ("Lfilho" .
   [11 0 8 41 2 0])
  ("EOF" .
   [1 0 0])
  ("tmpnam" .
   [1 0 0 2 1 0])
  ("arvore" .
   [1 0 23 7 10 0])
  ("new_medic" .
   [0 0 0 2 0 0 0 0 0])
  ("print_medic" .
   [10 0 1 0 0 1 0 0 0 0 1])
  ("find_medic" .
   [3 0 0 2 1 1 0 0 0 1])
  ("flag" .
   [2 0 0 0])
  ("freeALL" .
   [5 0 0 0 0 3 2])
  ("frexp" .
   [0 0 0 0 1])
  ("print_medicos" .
   [0 0 0 0 0 1 1 0 0 1 0 0 0])
  ("compareMedic" .
   [1 0 0 4 1 3 0 0 0 0 0 0])
  ("add_medic" .
   [0 0 0 0 1 0 0 0 1])
  ("Find_medic" .
   [0 0 1 0 1 0 0 0 0 0])
  ("find_cod" .
   [3 0 0 0 0 0 0 0])
  ("Rright" .
   [0 0 2 5 0 0])
  ("Rleft" .
   [1 0 2 6 0])
  ("calc_peso" .
   [1 0 0 0 3 0 0 0 9])
  ("calc_balanco" .
   [0 0 1 0 0 0 1 0 0 0 0 2])
  ("findArvore" .
   [0 0 0 0 0 0 3 0 0 0])
  ("doubleRright" .
   [0 0 0 0 0 0 0 0 1 3 0 0])
  ("doubleRleft" .
   [0 0 0 1 0 0 2 2 0 2 0])
  ("stdio.h" .
   [0 0 0 0 0 4 0])
  ("trans" .
   [0 0 0 1 0])
  ("150" .
   [7 0 0])
  ("def" .
   [1 0 0])
  ("size" .
   [0 0 1 0])
  ("crop" .
   [2 0 0 0])
  ("box" .
   [3 0 0])
  ("path" .
   [1 0 0 0])
  ("raw_input" .
   [0 0 0 1 0 0 0 0 0])
  ("nDigitos" .
   [0 0 1 0 0 0 0 0])
  ("rodar" .
   [3 0 0 0 1])
  ("pertence" .
   [0 0 0 0 0 1 0 0])
  ("1000" .
   [1 0 0 0])
  ("rRL" .
   [3 0 0])
  ("rLR" .
   [3 0 0])
  ("time" .
   [1 0 0 0])
  ("math.h" .
   [0 0 0 0 1 0])
  ("MAX" .
   [15 0 1])
  ("slist" .
   [6 0 1 0 1])
  ("llist" .
   [1 0 0 0 0])
  ("new_node" .
   [1 0 0 1 0 0 0 0])
  ("SkipNode" .
   [6 0 0 0 0 1 1 2])
  ("compare" .
   [1 0 0 0 0 1 0])
  ("MAX_LEVEL" .
   [1 0 0 0 0 0 0 0 0])
  ("sn" .
   [7 0])
  ("contains" .
   [0 0 0 0 0 1 0 0])
  ("getNode" .
   [2 0 0 0 0 0 0])
  ("insert" .
   [0 0 0 0 0 1])
  ("findNode" .
   [1 0 0 0 1 0 0 0])
  ("header" .
   [2 0 0 5 0 0])
  ("forward" .
   [1 0 5 0 1 0 1])
  ("SkipSet" .
   [0 0 0 0 2 0 0])
  ("splay" .
   [1 0 0 1 2])
  ("rR" .
   [4 0])
  ("rL" .
   [3 0])
  ("static" .
   [0 0 0 1 0 0])
  ("mill" .
   [1 0 0 0])
  ("calcPeso" .
   [0 0 0 0 2 0 0 0])
  ("frand" .
   [2 0 0 1 0])
  ("rnd" .
   [14 0 0])
  ("qsort" .
   [0 0 0 0 1])
  ("const" .
   [2 0 0 0 0])
  ("proximaEstrela" .
   [0 0 0 0 1 0 0 0 0 0 0 0 0 0])
  ("~/.minecraft/minecraft.jar" .
   [0 0 0 0 0 0 0 0 0 0 0 0 0 1 0 0 0 0 0 0 0 0 0 0 0 0])))
